object FormMain: TFormMain
  Left = 0
  Top = 0
  Caption = 'Parallel Squares'
  ClientHeight = 435
  ClientWidth = 361
  Position = ScreenCenter
  FormFactor.Width = 320
  FormFactor.Height = 480
  FormFactor.Devices = [Desktop]
  OnCreate = FormCreate
  DesignerMasterStyle = 0
  object GridLayoutRectangles: TGridLayout
    Align = Client
    ItemHeight = 32.000000000000000000
    ItemWidth = 32.000000000000000000
    Orientation = Horizontal
    Margins.Left = 5.000000000000000000
    Margins.Top = 5.000000000000000000
    Margins.Right = 5.000000000000000000
    Margins.Bottom = 5.000000000000000000
    Size.Width = 351.000000000000000000
    Size.Height = 387.000000000000000000
    Size.PlatformDefault = False
    TabOrder = 0
  end
  object ToolBar1: TToolBar
    Size.Width = 361.000000000000000000
    Size.Height = 38.000000000000000000
    Size.PlatformDefault = False
    TabOrder = 3
    object NumberBoxStride: TNumberBox
      Touch.InteractiveGestures = [LongTap, DoubleTap]
      Align = Left
      TabOrder = 1
      Cursor = crIBeam
      Value = 2.000000000000000000
      Position.X = 55.000000000000000000
      Position.Y = 5.000000000000000000
      Margins.Left = 5.000000000000000000
      Margins.Top = 5.000000000000000000
      Margins.Right = 5.000000000000000000
      Margins.Bottom = 5.000000000000000000
      Size.Width = 50.000000000000000000
      Size.Height = 28.000000000000000000
      Size.PlatformDefault = False
    end
    object Label1: TLabel
      Align = Left
      AutoSize = True
      StyledSettings = [Family, Size, FontColor]
      Margins.Left = 5.000000000000000000
      Margins.Top = 5.000000000000000000
      Margins.Right = 5.000000000000000000
      Margins.Bottom = 5.000000000000000000
      Position.X = 5.000000000000000000
      Position.Y = 5.000000000000000000
      Size.Width = 40.000000000000000000
      Size.Height = 28.000000000000000000
      Size.PlatformDefault = False
      TextSettings.Font.StyleExt = {00070000000000000004000000}
      TextSettings.WordWrap = False
      Text = 'Stride: '
    end
    object ButtonNormalFor: TButton
      Align = Left
      Margins.Left = 5.000000000000000000
      Margins.Top = 5.000000000000000000
      Margins.Right = 5.000000000000000000
      Margins.Bottom = 5.000000000000000000
      Position.X = 115.000000000000000000
      Position.Y = 5.000000000000000000
      Size.Width = 100.000000000000000000
      Size.Height = 28.000000000000000000
      Size.PlatformDefault = False
      TabOrder = 3
      Text = 'Normal For'
      OnClick = ButtonNormalForClick
    end
    object ButtonStartParallelFor: TButton
      Align = Left
      Margins.Left = 5.000000000000000000
      Margins.Top = 5.000000000000000000
      Margins.Right = 5.000000000000000000
      Margins.Bottom = 5.000000000000000000
      Position.X = 225.000000000000000000
      Position.Y = 5.000000000000000000
      Size.Width = 100.000000000000000000
      Size.Height = 28.000000000000000000
      Size.PlatformDefault = False
      TabOrder = 4
      Text = 'Parallel For'
      OnClick = ButtonStartParallelForClick
    end
  end
end
